0
0
0
0
0
0
0
0
0
0
15
15
15
15
15
15
15
15
15
15
8
8
8
8
8
8
8
8
8
8
17
17
17
17
17
17
17
17
17
17
16
16
16
16
16
16
16
16
16
16
1
1
1
1
1
1
1
1
1
1
4
4
4
4
4
4
4
4
4
4
10
10
10
10
10
10
10
10
10
10
12
12
12
12
12
12
12
12
12
12
9
9
9
9
9
9
9
9
9
9
3
3
3
3
3
3
3
3
3
3
7
7
7
7
7
7
7
7
7
7
19
19
19
19
19
19
19
19
19
19
11
11
11
11
11
11
11
11
11
11
13
13
13
13
13
13
13
13
13
13
18
18
18
18
18
18
18
18
18
18
14
14
14
14
14
14
14
14
14
14
6
6
6
6
6
6
6
6
6
6
5
5
5
5
5
5
5
5
5
5
2
2
2
2
2
2
2
2
2
2
